focal_length: 2.2         # 焦距，单位毫米（mm）
sensor_size: [5.77, 3.25] # 传感器尺寸，单位毫米（mm），格式：[宽度, 高度]
cam_translation_vector: [0.0, 0.5, 0.9] # 相机空间位置，单位米（m），格式：[x, y, z]
cam_quaternions: [0.0, 0.28978415, 0.95709203, 0.0] # 四元数旋转，格式：[qw, qx, qy, qz]
extrinsic_matrix:           # 相机外参矩阵，4x4，单位米（m），格式：[(R|t); (0, 0, 0, 1)]
  - [ -1.0, 0.0, 0.0, 0.0 ]
  - [ 0.0, -0.83205029, 0.5547002, 0.5 ]
  - [ 0.0, 0.5547002, 0.83205029, 0.9 ]
  - [ 0.0, 0.0, 0.0, 1.0 ]
intrinsic_matrix:                  # 相机内参矩阵，单位像素，格式：3x3矩阵，K=[[fx,0,cx],[0,fy,cy],[0,0,1]]
  - [731.4271240234375, 0.0, 960.0]   # fx, 0, cx
  - [0.0, 731.4271240234375, 540.0]   # 0, fy, cy
  - [0.0, 0.0, 1.0]       # 0, 0, 1
